NAME: generated_15_sym_1_60_UniformDistrib_noSparse.tsp
TYPE: TSP
COMMENT: Test case generated with custom generator!
DIMENSION: 15
EDGE_WEIGHT_TYPE: EXPLICIT
EDGE_WEIGHT_FORMAT: FULL_MATRIX
DISPLAY_DATA_TYPE: TWOD_DISPLAY
EDGE_WEIGHT_SECTION
0 26 7 53 30 24 21 36 6 50 38 49 39 59 34 
26 0 5 16 26 50 50 39 45 30 23 17 45 17 54 
7 5 0 23 27 4 1 42 35 22 48 1 56 23 9 
53 16 23 0 23 41 23 4 53 7 2 43 51 47 50 
30 26 27 23 0 42 34 14 44 9 22 60 18 3 49 
24 50 4 41 42 0 51 14 54 31 9 16 13 54 53 
21 50 1 23 34 51 0 20 26 46 7 43 6 22 54 
36 39 42 4 14 14 20 0 41 10 47 44 32 40 11 
6 45 35 53 44 54 26 41 0 9 25 7 2 13 47 
50 30 22 7 9 31 46 10 9 0 29 24 60 33 39 
38 23 48 2 22 9 7 47 25 29 0 30 55 4 31 
49 17 1 43 60 16 43 44 7 24 30 0 46 30 39 
39 45 56 51 18 13 6 32 2 60 55 46 0 1 39 
59 17 23 47 3 54 22 40 13 33 4 30 1 0 25 
34 54 9 50 49 53 54 11 47 39 31 39 39 25 0 
