NAME: generated_20_sym_1_60_UniformDistrib_noSparse.tsp
TYPE: TSP
COMMENT: Test case generated with custom generator!
DIMENSION: 20
EDGE_WEIGHT_TYPE: EXPLICIT
EDGE_WEIGHT_FORMAT: FULL_MATRIX
DISPLAY_DATA_TYPE: TWOD_DISPLAY
EDGE_WEIGHT_SECTION
0 40 57 30 8 1 37 32 40 57 2 37 38 30 21 33 31 38 44 24 
40 0 35 4 40 55 13 1 58 14 28 41 37 45 18 27 19 1 22 8 
57 35 0 33 26 2 3 49 20 43 60 3 3 13 55 43 16 20 5 10 
30 4 33 0 6 41 5 60 57 26 47 34 23 48 34 46 49 22 4 7 
8 40 26 6 0 53 51 17 25 51 25 45 42 8 54 43 26 39 17 43 
1 55 2 41 53 0 40 3 5 59 53 15 2 26 43 26 21 53 43 10 
37 13 3 5 51 40 0 39 16 5 28 38 2 45 38 55 5 11 17 55 
32 1 49 60 17 3 39 0 49 32 46 13 43 36 32 11 2 4 34 37 
40 58 20 57 25 5 16 49 0 22 16 32 34 25 30 13 25 36 18 4 
57 14 43 26 51 59 5 32 22 0 40 26 50 57 26 8 55 58 35 33 
2 28 60 47 25 53 28 46 16 40 0 22 59 16 17 45 15 25 38 37 
37 41 3 34 45 15 38 13 32 26 22 0 28 58 43 53 59 11 45 58 
38 37 3 23 42 2 2 43 34 50 59 28 0 5 60 39 46 13 29 10 
30 45 13 48 8 26 45 36 25 57 16 58 5 0 15 48 24 6 56 30 
21 18 55 34 54 43 38 32 30 26 17 43 60 15 0 25 40 51 44 42 
33 27 43 46 43 26 55 11 13 8 45 53 39 48 25 0 45 15 40 51 
31 19 16 49 26 21 5 2 25 55 15 59 46 24 40 45 0 8 57 48 
38 1 20 22 39 53 11 4 36 58 25 11 13 6 51 15 8 0 1 1 
44 22 5 4 17 43 17 34 18 35 38 45 29 56 44 40 57 1 0 26 
24 8 10 7 43 10 55 37 4 33 37 58 10 30 42 51 48 1 26 0 
