NAME: generated_12_sym_1_50_UniformDistrib_sparse.tsp
TYPE: TSP
COMMENT: Test case generated with custom generator!
DIMENSION: 12
EDGE_WEIGHT_TYPE: EXPLICIT
EDGE_WEIGHT_FORMAT: FULL_MATRIX
DISPLAY_DATA_TYPE: TWOD_DISPLAY
EDGE_WEIGHT_SECTION
0 99999 99999 20 99999 12 17 46 3 99999 34 13 
99999 0 6 99999 28 49 99999 30 99999 40 3 4 
99999 6 0 99999 14 37 35 99999 13 34 99999 99999 
20 99999 99999 0 27 99999 39 7 99999 30 45 6 
99999 28 14 27 0 99999 99999 99999 49 15 13 99999 
12 49 37 99999 99999 0 3 99999 36 99999 24 8 
17 99999 35 39 99999 3 0 99999 99999 11 23 99999 
46 30 99999 7 99999 99999 99999 0 23 30 28 24 
3 99999 13 99999 49 36 99999 23 0 99999 23 23 
99999 40 34 30 15 99999 11 30 99999 0 99999 99999 
34 3 99999 45 13 24 23 28 23 99999 0 99999 
13 4 99999 6 99999 8 99999 24 23 99999 99999 0 
