NAME: generated_15_sym_1_50_UniformDistrib_sparse.tsp
TYPE: TSP
COMMENT: Test case generated with custom generator!
DIMENSION: 15
EDGE_WEIGHT_TYPE: EXPLICIT
EDGE_WEIGHT_FORMAT: FULL_MATRIX
DISPLAY_DATA_TYPE: TWOD_DISPLAY
EDGE_WEIGHT_SECTION
0 40 99999 99999 42 99999 99999 6 30 99999 99999 32 13 19 29 
40 0 99999 26 46 99999 99999 99999 99999 23 19 99999 30 26 27 
99999 99999 0 99999 99999 99999 38 24 99999 99999 99999 46 99999 6 99999 
99999 26 99999 0 21 99999 22 99999 99999 40 30 13 20 43 40 
42 46 99999 21 0 41 10 49 8 99999 99999 99999 99999 41 99999 
99999 99999 99999 99999 41 0 3 3 39 99999 35 99999 20 11 99999 
99999 99999 38 22 10 3 0 50 15 2 35 99999 15 99999 99999 
6 99999 24 99999 49 3 50 0 33 13 3 19 99999 99999 22 
30 99999 99999 99999 8 39 15 33 0 99999 24 99999 99999 15 99999 
99999 23 99999 40 99999 99999 2 13 99999 0 35 5 38 99999 37 
99999 19 99999 30 99999 35 35 3 24 35 0 4 99999 42 30 
32 99999 46 13 99999 99999 99999 19 99999 5 4 0 17 99999 1 
13 30 99999 20 99999 20 15 99999 99999 38 99999 17 0 30 99999 
19 26 6 43 41 11 99999 99999 15 99999 42 99999 30 0 45 
29 27 99999 40 99999 99999 99999 22 99999 37 30 1 99999 45 0 
