NAME: generated_15_sym_1_20_UniformDistrib_noSparse.tsp
TYPE: TSP
COMMENT: Test case generated with custom generator!
DIMENSION: 15
EDGE_WEIGHT_TYPE: EXPLICIT
EDGE_WEIGHT_FORMAT: FULL_MATRIX
DISPLAY_DATA_TYPE: TWOD_DISPLAY
EDGE_WEIGHT_SECTION
0 6 20 8 8 3 5 12 2 5 8 7 8 1 8 
6 0 18 19 8 6 15 2 10 14 10 10 3 5 5 
20 18 0 4 15 10 20 14 15 6 11 3 14 18 3 
8 19 4 0 17 10 7 4 19 10 16 9 12 20 12 
8 8 15 17 0 2 15 17 3 11 20 1 12 3 20 
3 6 10 10 2 0 6 13 7 1 1 8 9 1 4 
5 15 20 7 15 6 0 1 1 18 8 17 14 7 17 
12 2 14 4 17 13 1 0 18 19 1 12 12 17 1 
2 10 15 19 3 7 1 18 0 17 20 1 6 10 16 
5 14 6 10 11 1 18 19 17 0 15 15 9 9 18 
8 10 11 16 20 1 8 1 20 15 0 11 14 1 8 
7 10 3 9 1 8 17 12 1 15 11 0 2 1 8 
8 3 14 12 12 9 14 12 6 9 14 2 0 14 8 
1 5 18 20 3 1 7 17 10 9 1 1 14 0 19 
8 5 3 12 20 4 17 1 16 18 8 8 8 19 0 
