NAME: generated_25_sym_1_100_UniformDistrib_noSparse.tsp
TYPE: TSP
COMMENT: Test case generated with custom generator!
DIMENSION: 25
EDGE_WEIGHT_TYPE: EXPLICIT
EDGE_WEIGHT_FORMAT: FULL_MATRIX
DISPLAY_DATA_TYPE: TWOD_DISPLAY
EDGE_WEIGHT_SECTION
0 32 52 19 46 59 72 54 21 84 77 63 100 12 7 21 4 8 61 49 86 91 56 75 64 
32 0 78 67 58 87 66 73 64 23 98 39 99 7 35 54 95 87 99 98 53 84 62 22 42 
52 78 0 81 72 96 87 60 36 1 64 56 45 70 41 38 44 81 45 71 98 10 4 17 12 
19 67 81 0 26 51 43 38 14 22 76 44 82 85 88 32 54 1 21 96 22 43 20 19 1 
46 58 72 26 0 7 99 93 96 67 72 80 97 53 1 59 67 7 7 45 45 19 1 34 75 
59 87 96 51 7 0 76 17 39 37 25 46 64 27 52 38 59 6 45 83 28 81 5 5 68 
72 66 87 43 99 76 0 75 35 22 27 18 59 90 29 58 91 63 56 79 82 64 22 10 3 
54 73 60 38 93 17 75 0 47 43 62 58 4 63 15 62 13 40 84 57 66 17 2 28 57 
21 64 36 14 96 39 35 47 0 99 85 3 47 18 42 6 45 3 32 82 54 72 81 19 31 
84 23 1 22 67 37 22 43 99 0 92 13 83 60 32 29 99 78 19 82 17 34 63 56 99 
77 98 64 76 72 25 27 62 85 92 0 85 41 26 3 80 92 53 61 7 17 29 17 9 70 
63 39 56 44 80 46 18 58 3 13 85 0 5 66 34 61 3 57 73 85 80 74 74 69 49 
100 99 45 82 97 64 59 4 47 83 41 5 0 26 35 20 90 81 63 96 25 27 84 58 83 
12 7 70 85 53 27 90 63 18 60 26 66 26 0 95 79 4 3 72 30 88 67 67 14 2 
7 35 41 88 1 52 29 15 42 32 3 34 35 95 0 84 25 2 24 32 50 24 64 23 69 
21 54 38 32 59 38 58 62 6 29 80 61 20 79 84 0 40 26 24 80 15 9 28 51 30 
4 95 44 54 67 59 91 13 45 99 92 3 90 4 25 40 0 73 4 76 86 91 97 17 34 
8 87 81 1 7 6 63 40 3 78 53 57 81 3 2 26 73 0 25 100 59 96 41 1 64 
61 99 45 21 7 45 56 84 32 19 61 73 63 72 24 24 4 25 0 89 13 24 8 88 29 
49 98 71 96 45 83 79 57 82 82 7 85 96 30 32 80 76 100 89 0 36 72 13 78 61 
86 53 98 22 45 28 82 66 54 17 17 80 25 88 50 15 86 59 13 36 0 40 12 10 29 
91 84 10 43 19 81 64 17 72 34 29 74 27 67 24 9 91 96 24 72 40 0 51 56 52 
56 62 4 20 1 5 22 2 81 63 17 74 84 67 64 28 97 41 8 13 12 51 0 19 21 
75 22 17 19 34 5 10 28 19 56 9 69 58 14 23 51 17 1 88 78 10 56 19 0 50 
64 42 12 1 75 68 3 57 31 99 70 49 83 2 69 30 34 64 29 61 29 52 21 50 0 
