NAME: generated_30_sym_1_100_UniformDistrib_noSparse.tsp
TYPE: TSP
COMMENT: Test case generated with custom generator!
DIMENSION: 30
EDGE_WEIGHT_TYPE: EXPLICIT
EDGE_WEIGHT_FORMAT: FULL_MATRIX
DISPLAY_DATA_TYPE: TWOD_DISPLAY
EDGE_WEIGHT_SECTION
0 45 58 93 8 3 19 92 80 30 80 42 44 49 26 59 85 8 56 2 86 80 89 46 66 20 74 41 72 29 
45 0 62 91 35 27 51 75 77 22 98 91 72 88 67 62 29 9 2 30 46 22 18 46 50 84 80 46 87 4 
58 62 0 48 69 68 60 30 60 100 16 52 80 64 87 20 55 29 66 79 57 3 34 12 13 59 10 20 67 22 
93 91 48 0 28 24 80 27 53 30 42 54 73 53 47 4 65 79 36 85 32 16 75 64 29 2 82 81 7 7 
8 35 69 28 0 88 4 35 12 2 62 86 76 46 71 91 65 26 48 84 43 68 98 54 22 20 35 67 71 33 
3 27 68 24 88 0 4 88 23 29 85 43 52 54 62 58 73 57 86 84 17 30 58 49 79 87 44 73 6 7 
19 51 60 80 4 4 0 31 78 68 11 60 43 25 31 26 32 82 74 33 72 63 48 44 94 43 30 98 56 15 
92 75 30 27 35 88 31 0 9 61 36 6 48 87 53 36 4 90 5 53 25 18 43 1 62 28 96 67 90 78 
80 77 60 53 12 23 78 9 0 29 76 18 39 68 34 41 54 48 29 63 75 99 53 50 94 98 98 42 83 41 
30 22 100 30 2 29 68 61 29 0 1 34 19 45 64 17 37 2 94 28 65 74 62 44 46 28 90 84 94 7 
80 98 16 42 62 85 11 36 76 1 0 48 19 93 42 91 48 47 25 39 62 71 55 32 47 69 12 54 58 75 
42 91 52 54 86 43 60 6 18 34 48 0 98 64 25 12 78 93 73 73 49 91 77 2 37 75 14 74 27 6 
44 72 80 73 76 52 43 48 39 19 19 98 0 74 11 95 40 44 29 34 67 27 17 47 90 3 90 21 79 15 
49 88 64 53 46 54 25 87 68 45 93 64 74 0 40 71 15 91 21 51 94 99 89 73 51 81 62 31 62 48 
26 67 87 47 71 62 31 53 34 64 42 25 11 40 0 18 82 45 40 89 91 92 74 23 88 77 17 42 91 9 
59 62 20 4 91 58 26 36 41 17 91 12 95 71 18 0 32 61 56 90 68 25 59 26 2 37 65 68 1 94 
85 29 55 65 65 73 32 4 54 37 48 78 40 15 82 32 0 93 13 50 44 52 21 41 40 41 73 89 31 50 
8 9 29 79 26 57 82 90 48 2 47 93 44 91 45 61 93 0 55 68 48 95 57 8 7 49 6 93 6 29 
56 2 66 36 48 86 74 5 29 94 25 73 29 21 40 56 13 55 0 58 87 36 8 66 89 57 58 57 49 45 
2 30 79 85 84 84 33 53 63 28 39 73 34 51 89 90 50 68 58 0 83 73 100 98 29 41 15 53 77 51 
86 46 57 32 43 17 72 25 75 65 62 49 67 94 91 68 44 48 87 83 0 35 23 97 63 1 37 78 33 61 
80 22 3 16 68 30 63 18 99 74 71 91 27 99 92 25 52 95 36 73 35 0 55 96 92 33 76 58 28 88 
89 18 34 75 98 58 48 43 53 62 55 77 17 89 74 59 21 57 8 100 23 55 0 35 65 68 88 64 60 5 
46 46 12 64 54 49 44 1 50 44 32 2 47 73 23 26 41 8 66 98 97 96 35 0 65 81 2 16 96 13 
66 50 13 29 22 79 94 62 94 46 47 37 90 51 88 2 40 7 89 29 63 92 65 65 0 25 2 32 96 90 
20 84 59 2 20 87 43 28 98 28 69 75 3 81 77 37 41 49 57 41 1 33 68 81 25 0 83 1 13 11 
74 80 10 82 35 44 30 96 98 90 12 14 90 62 17 65 73 6 58 15 37 76 88 2 2 83 0 13 26 85 
41 46 20 81 67 73 98 67 42 84 54 74 21 31 42 68 89 93 57 53 78 58 64 16 32 1 13 0 69 20 
72 87 67 7 71 6 56 90 83 94 58 27 79 62 91 1 31 6 49 77 33 28 60 96 96 13 26 69 0 44 
29 4 22 7 33 7 15 78 41 7 75 6 15 48 9 94 50 29 45 51 61 88 5 13 90 11 85 20 44 0 
