NAME: generated_20_sym_1_100_UniformDistrib_noSparse.tsp
TYPE: TSP
COMMENT: Test case generated with custom generator!
DIMENSION: 20
EDGE_WEIGHT_TYPE: EXPLICIT
EDGE_WEIGHT_FORMAT: FULL_MATRIX
DISPLAY_DATA_TYPE: TWOD_DISPLAY
EDGE_WEIGHT_SECTION
0 1 32 27 13 35 58 42 97 9 18 11 48 20 5 28 40 11 89 35 
1 0 58 28 38 15 19 87 53 89 97 2 32 84 6 20 86 71 70 40 
32 58 0 100 5 45 29 70 98 43 60 46 85 55 26 46 73 8 21 89 
27 28 100 0 2 72 67 81 81 99 86 46 64 56 14 70 66 70 64 48 
13 38 5 2 0 66 9 19 78 54 49 51 79 62 98 39 12 7 54 100 
35 15 45 72 66 0 26 28 59 47 64 13 49 30 23 55 87 92 20 70 
58 19 29 67 9 26 0 86 71 88 33 79 68 83 100 34 19 85 25 96 
42 87 70 81 19 28 86 0 85 49 42 91 95 28 91 74 88 42 32 51 
97 53 98 81 78 59 71 85 0 34 41 53 8 49 63 2 98 38 23 41 
9 89 43 99 54 47 88 49 34 0 21 96 93 11 17 90 2 97 75 85 
18 97 60 86 49 64 33 42 41 21 0 53 93 40 3 31 69 31 21 99 
11 2 46 46 51 13 79 91 53 96 53 0 86 22 14 92 53 71 58 52 
48 32 85 64 79 49 68 95 8 93 93 86 0 67 17 31 29 60 97 55 
20 84 55 56 62 30 83 28 49 11 40 22 67 0 83 68 11 86 93 93 
5 6 26 14 98 23 100 91 63 17 3 14 17 83 0 58 38 22 20 36 
28 20 46 70 39 55 34 74 2 90 31 92 31 68 58 0 97 99 87 72 
40 86 73 66 12 87 19 88 98 2 69 53 29 11 38 97 0 100 22 28 
11 71 8 70 7 92 85 42 38 97 31 71 60 86 22 99 100 0 78 74 
89 70 21 64 54 20 25 32 23 75 21 58 97 93 20 87 22 78 0 54 
35 40 89 48 100 70 96 51 41 85 99 52 55 93 36 72 28 74 54 0 
