NAME: generated_15_sym_1_100_UniformDistrib_noSparse.tsp
TYPE: TSP
COMMENT: Test case generated with custom generator!
DIMENSION: 15
EDGE_WEIGHT_TYPE: EXPLICIT
EDGE_WEIGHT_FORMAT: FULL_MATRIX
DISPLAY_DATA_TYPE: TWOD_DISPLAY
EDGE_WEIGHT_SECTION
0 44 43 92 26 80 4 71 82 97 29 60 98 65 30 
44 0 4 78 23 97 29 69 82 5 90 75 48 27 45 
43 4 0 16 66 26 94 51 35 78 52 93 39 43 95 
92 78 16 0 85 65 65 33 33 22 52 13 19 63 88 
26 23 66 85 0 81 78 38 78 100 21 17 12 2 70 
80 97 26 65 81 0 99 11 33 93 3 39 48 83 71 
4 29 94 65 78 99 0 82 18 89 94 25 64 57 46 
71 69 51 33 38 11 82 0 8 76 12 63 85 92 88 
82 82 35 33 78 33 18 8 0 56 56 87 70 20 55 
97 5 78 22 100 93 89 76 56 0 71 80 37 25 43 
29 90 52 52 21 3 94 12 56 71 0 64 89 68 60 
60 75 93 13 17 39 25 63 87 80 64 0 96 75 3 
98 48 39 19 12 48 64 85 70 37 89 96 0 28 38 
65 27 43 63 2 83 57 92 20 25 68 75 28 0 7 
30 45 95 88 70 71 46 88 55 43 60 3 38 7 0 
